ranges = (100:50:1500)';
angles_mils = [
    1567
    1550
    1553
    1516
    1498
    1481
    1463
    1446
    1428
    1410
    1391
    1373
    1354
    1334
    1314
    1294
    1273
    1252
    1229
    1206
    1182
    1156
    1129
    1099
    1067
    1031
    988
    933
    800 
];
angles_deg = angles_mils / 800.0 * 45.0;